1.000000e+00 1.000000e+00 1.000000e+00 1.000000e+00 1.000000e+00 1.000000e+00
5.227844e+00 8.940491e-02 1.615599e+00 2.427125e+00 2.829892e-03 1.607591e+00
9.231689e+00 6.468481e-02 4.940931e-01 2.613464e+00 8.002494e-05 2.179529e+00
1.386248e+01 6.273007e-01 1.255628e-02 2.871551e+00 1.483826e-05 1.502755e+00
2.128827e+01 2.345776e+00 2.422072e+00 1.985729e+00 9.646414e-04 3.013791e+00
3.944355e+01 4.852458e+00 1.000000e-05 2.718215e+00 1.000000e-05 1.273497e+00
8.499184e+00 3.296198e-01 8.891893e-01 2.534783e+00 6.441604e-05 2.145894e+00
1.539249e+01 7.125425e-01 3.693928e-03 2.982095e+00 1.215138e-03 1.357206e+00
1.626047e+01 1.830331e+00 9.672178e-01 2.447301e+00 4.931729e-01 1.768776e+00
2.892290e+01 2.389104e+00 2.702112e-02 2.747887e+00 1.226909e+00 1.468737e+00
1.463340e+01 2.702154e-01 1.355735e+00 2.192058e+00 1.033365e-03 2.767332e+00
4.823971e+01 7.201871e-01 4.191639e-02 2.381571e+00 1.000000e-05 2.963167e+00
1.434310e+01 5.658260e-01 1.725124e+00 1.893209e+00 6.305527e-01 4.033896e+00
7.528406e+01 1.477187e+00 8.540300e-01 2.038673e+00 4.332044e-02 5.774024e+00
9.373353e+00 7.354423e-01 7.723804e-01 2.048252e+00 5.573115e-03 4.145015e+00
5.855833e+01 1.389879e+00 2.509842e-05 2.208621e+00 1.226683e-02 3.977426e+00
2.214981e+01 8.495958e-01 1.565578e+00 1.972781e+00 5.365075e-02 3.693732e+00
1.727908e+02 1.720745e+00 5.994803e-01 1.879784e+00 7.982233e+00 5.248708e+00
