1.000000e+00 1.000000e+00 1.000000e+00 1.000000e+00 1.000000e+00 1.000000e+00
6.085669e-01 2.232055e-02 3.740652e-02 1.241593e+00 3.580499e+00 1.152200e+00
9.508836e-02 1.579229e-01 3.760618e-03 3.378373e-03 4.570865e-01 9.009549e-02
6.428341e-03 2.459174e-01 2.759459e-02 1.644936e-02 4.638333e-01 1.382727e-01
1.364153e+00 3.055478e-01 1.520029e+00 2.447909e+00 5.732786e-03 1.004285e-02
5.247087e+00 3.188326e+00 2.607521e+00 2.311961e+00 9.669338e-01 1.829878e-02
9.585613e+00 3.745356e-01 6.116963e+00 2.818695e-02 1.268019e+01 1.170257e+01
1.505581e+01 1.493429e-02 1.718838e-02 3.387904e+00 2.888948e+00 1.294133e-02
4.124442e+00 1.055916e+00 1.093997e+00 2.082439e+00 6.911233e-03 1.931146e+00
1.260065e+01 7.404974e-01 1.626324e+00 2.159943e+00 1.000000e-05 1.865721e+00
6.158878e+00 9.314069e-01 3.430443e+00 1.522728e+00 6.488319e-03 3.163949e+00
1.077119e+01 2.365447e-02 4.072083e+00 1.730832e+00 1.011374e-04 2.534340e+00
2.282336e+00 1.274345e+00 1.969471e+00 2.114978e+00 1.814624e-01 1.662192e+00
6.002761e+00 7.908635e-01 1.928112e+00 2.196884e+00 2.975616e-03 2.332064e+00
1.004914e+01 6.283703e-02 4.682347e+00 1.666917e+00 1.112995e+00 1.998969e+00
6.855236e+00 3.477343e-02 3.117082e+00 1.749065e+00 2.892834e-01 2.006622e+00
1.000000e+00 1.123879e+00 1.086033e+00 9.222654e-01 1.045342e+00 9.622586e-01
9.176424e+01 3.006416e-02 1.432604e+00 4.558847e+00 8.490477e-04 1.810906e+00
6.659228e+01 5.945136e+00 7.526001e+00 1.259094e+00 1.159619e-02 7.505475e+00
8.003458e+01 6.142870e+00 1.142780e+01 2.200020e-01 6.401908e+00 1.111023e+01
6.988949e-01 7.753310e+00 6.116882e-03 3.346753e+00 1.213044e-02 7.730945e+00
2.231605e+02 9.172349e+00 1.788209e+00 3.515911e+00 4.512454e+00 5.582488e+00
9.588820e+01 8.298724e+00 5.923186e-02 3.598788e+00 1.343486e+01 8.198949e+00
1.648744e-02 1.219221e+01 1.831201e-03 3.799889e+00 1.625519e+00 6.292227e+00
4.278122e-02 2.315909e+01 1.000000e-05 2.718113e+00 1.164969e+01 1.194275e+01
3.417042e+02 1.623638e+01 1.000000e-05 2.698737e+00 3.233850e+01 1.352340e+01
6.311609e-02 1.820180e+00 6.013612e-01 1.729169e+00 2.863277e-02 2.969809e-02
