1.113753e+00 4.052972e+00 2.959654e-02 3.457875e+00 3.150763e-02 5.236738e-03
1.000000e+00 9.617925e-01 9.540914e-01 1.031528e+00 1.130638e+00 1.044010e+00
1.002548e+00 8.359689e-01 5.883143e-01 4.921455e+00 1.733978e-01 1.260479e-01
6.341366e-01 8.732459e-04 7.781975e-03 5.103387e+00 1.530214e-02 2.776685e-04
6.728469e-01 1.488441e-02 1.629089e-01 4.915416e+00 3.440835e-01 6.800862e-03
8.456816e-01 3.726709e-01 5.655117e-02 4.955300e+00 1.950593e-03 6.110530e-02
6.919458e-01 3.510183e-03 9.543255e-03 4.994395e+00 7.718625e-03 1.020033e-02
7.383808e-01 1.542736e-03 4.026017e-01 4.814279e+00 5.854646e-03 3.695416e-03
8.583130e-01 8.259198e-02 9.613073e-02 4.907381e+00 4.178984e-03 7.550425e-03
8.227441e-01 4.130851e-01 4.154290e-01 4.705362e+00 1.664092e-02 5.932645e-04
7.314257e-01 3.368401e-01 2.053723e-01 4.741774e+00 1.696193e-02 8.217557e-03
8.322179e-01 1.305959e-01 3.037688e-02 4.819572e+00 1.317251e-02 5.789972e-02
8.956342e-01 2.018838e-02 1.603701e-03 4.767697e+00 8.981282e-02 2.084519e-02
8.223756e-01 4.887691e-02 2.710854e-02 4.755420e+00 1.001596e-02 4.201903e-03
8.168467e-01 2.312186e-02 1.510236e-02 4.742065e+00 1.030621e-01 2.103303e-02
8.149213e-01 4.863333e-02 3.118291e-03 4.658820e+00 6.417975e-03 2.942461e-02
3.141564e-01 3.574574e-01 1.165254e+00 4.004593e+00 2.969206e-01 2.251014e-02
1.000000e+00 1.047626e+00 9.293275e-01 9.764453e-01 8.762534e-01 9.866788e-01
4.342678e-01 1.276022e+00 2.388329e+00 5.954690e+00 3.883827e-01 2.026263e-02
3.646173e-01 1.303653e-03 6.180124e-03 6.423239e+00 1.445848e-01 6.868597e-03
3.081218e-01 1.079945e-02 6.684324e-03 6.413349e+00 3.842123e-02 3.064044e-02
4.251405e-01 1.303172e-01 1.242547e-04 6.303171e+00 8.195634e-03 6.106787e-03
3.407399e-01 6.605690e-02 2.083058e-03 6.363908e+00 3.034470e-03 1.266393e-01
3.811259e-01 1.103270e-02 3.449182e-03 6.309470e+00 6.978254e-03 6.727105e-03
3.334690e-01 5.136823e-01 3.103053e-01 6.027225e+00 1.000000e-05 2.393925e-01
3.502386e-01 3.006468e-01 3.831710e-03 6.120372e+00 1.871549e-03 2.768118e-01
3.426050e-01 1.105642e-01 1.611911e-02 6.149074e+00 1.223469e-02 2.286949e-01
3.796905e-01 1.690603e-03 5.416476e-04 6.024267e+00 5.450166e-02 4.300922e-01
3.421939e-01 1.248899e-02 3.739088e-03 6.083268e+00 1.360797e-03 2.968574e-01
3.233998e-01 1.560885e-02 5.577675e-03 6.070570e+00 5.268996e-02 2.235529e-01
3.183095e-01 5.229957e-03 9.442210e-03 5.929402e+00 2.557852e-03 4.970948e-01
2.701700e-01 3.635946e-02 4.277761e-01 5.907692e+00 2.116319e-02 4.246832e-01
2.785846e-01 3.262512e+00 6.539986e+00 3.976288e+00 2.202289e-02 4.502416e-02
1.000000e+00 1.175232e+00 1.004816e+00 9.169076e-01 9.115304e-01 1.130738e+00
3.744213e-01 3.613439e-01 1.966764e+00 5.779771e+00 5.478280e-03 3.419006e-01
2.704513e-01 3.286317e-03 6.276409e-03 6.168336e+00 6.734482e-02 6.382368e-03
2.764674e-01 1.085846e-02 2.030481e-02 6.012481e+00 2.619576e-02 3.857418e-01
3.151948e-01 1.317753e-02 1.345729e-02 5.808914e+00 1.287962e-02 9.242339e-01
2.853379e-01 3.209113e-02 6.166279e-03 5.851875e+00 1.000000e-05 8.764964e-01
2.966369e-01 8.844148e-02 2.935763e-03 5.685024e+00 6.314236e-03 1.317595e+00
2.925065e-01 1.170475e-01 2.691362e-02 5.701895e+00 2.670495e-02 1.111211e+00
2.956090e-01 1.230536e-01 7.718900e-03 5.705745e+00 5.194098e-03 1.279282e+00
3.124762e-01 2.406824e-02 9.359705e-03 5.677526e+00 2.402580e-02 1.239290e+00
2.692914e-01 1.997590e-03 7.276171e-03 5.605690e+00 2.428502e-02 1.164434e+00
2.428854e-01 3.136116e-03 6.204799e-03 5.594863e+00 7.663449e-04 1.180359e+00
2.629077e-01 1.138816e-02 2.033057e-02 5.655644e+00 6.785910e-02 1.205288e+00
3.114681e-01 1.114747e-02 9.745823e-03 5.624885e+00 5.262633e-02 1.064721e+00
2.339185e-01 4.477959e-04 5.575375e-02 5.583989e+00 2.051363e-02 1.195018e+00
2.645762e-01 3.182579e-03 1.834545e+00 4.942675e+00 5.694651e-03 1.839828e+00
1.000000e+00 1.137474e+00 1.108666e+00 8.880553e-01 9.622971e-01 1.034051e+00
2.107970e-01 1.328401e+00 1.305959e+00 6.016225e+00 8.718732e-02 9.734232e-03
2.234968e-01 1.535908e-03 1.205163e+00 6.267502e+00 3.146435e-02 1.451829e-02
2.152584e-01 2.309730e-03 6.824428e-01 6.341874e+00 1.181950e-02 2.555312e-03
2.124741e-01 5.514493e-02 2.602823e+00 5.792116e+00 1.136508e-02 6.558003e-02
2.105899e-01 3.079457e-02 1.082051e+00 6.254716e+00 1.734632e-03 3.091449e-01
1.964178e-01 7.179760e-03 1.433360e+00 5.997179e+00 2.391519e-03 2.665651e-01
2.212688e-01 1.054252e-01 1.548378e+00 5.943901e+00 3.395652e-02 5.604145e-01
1.954184e-01 1.419841e-01 1.247315e+00 6.036955e+00 2.425008e-02 4.895796e-01
2.193861e-01 8.122360e-02 1.331094e+00 6.094656e+00 6.327215e-03 3.055087e-01
2.203361e-01 2.138545e-02 1.317490e+00 6.047921e+00 3.296113e-02 3.185697e-01
2.128691e-01 2.849606e-02 1.077376e+00 6.105895e+00 4.091000e-02 2.880375e-01
2.076993e-01 1.719902e-02 1.159110e+00 6.173961e+00 8.499299e-02 2.637650e-01
2.200506e-01 3.691450e-02 1.039643e+00 6.152443e+00 1.181252e-02 2.463345e-01
1.984016e-01 4.314951e-03 9.974573e-01 5.992804e+00 1.410865e-02 5.855267e-01
