1.066934e+00 8.655011e-02 1.000081e+00 5.509141e+00 5.978204e-03 1.145108e-01
1.000000e+00 1.162249e+00 9.759268e-01 8.888152e-01 1.113456e+00 1.005443e+00
1.781779e-01 1.167654e-02 1.866381e-02 5.066902e+00 1.174175e-02 2.423281e-02
5.036505e-01 8.565633e-01 3.330340e-01 4.498074e+00 2.151884e-02 1.624948e+00
5.306189e-01 8.747705e-01 1.892443e-05 4.798536e+00 5.214297e-03 4.727202e-01
5.410978e-01 8.687506e-01 2.683650e-02 4.758158e+00 1.717625e-04 8.832719e-02
4.766877e-01 1.346359e+00 1.743586e-02 4.614640e+00 9.414405e-02 4.471397e-02
4.315481e-01 9.316000e-01 5.102603e-02 4.761875e+00 2.940824e-01 4.380054e-02
4.593942e-01 5.116875e-01 3.807172e-02 4.660321e+00 4.490532e-01 5.451498e-02
3.799108e-01 1.910381e-01 2.387475e-02 4.676475e+00 5.260164e-01 3.487305e-03
3.865383e-01 5.446557e-03 8.857689e-02 4.706839e+00 4.921734e-01 3.921195e-03
4.627318e-01 4.836337e-04 4.261397e-01 4.603465e+00 3.090651e-01 1.347037e-02
4.367293e-01 8.173124e-03 6.754219e-01 4.585816e+00 1.387731e-01 7.784418e-03
4.484163e-01 6.158128e-04 9.342391e-01 4.454907e+00 1.752967e-01 2.401327e-02
3.556314e-01 9.117899e-04 7.116441e-01 4.517328e+00 1.523357e-01 7.258037e-03
3.153338e-01 1.639082e-01 1.069349e+00 4.287000e+00 1.536804e-01 6.541857e-05
1.054876e+00 3.803090e-01 1.258742e+00 3.487614e+00 4.368016e-02 2.050942e+00
1.000000e+00 9.135050e-01 9.864392e-01 1.142021e+00 9.847368e-01 8.471975e-01
1.761759e-01 1.959893e-03 1.103430e-03 6.203192e+00 3.121169e-03 7.384088e-03
4.268912e-01 1.235527e+00 1.515371e-02 5.673486e+00 5.169686e-03 7.962809e-01
4.178855e-01 1.390807e+00 1.354371e-02 5.915542e+00 5.510708e-02 2.488040e-02
4.398144e-01 9.875493e-01 2.670244e-03 5.999949e+00 8.293154e-02 8.182403e-02
4.276562e-01 7.687194e-01 4.092606e-03 5.782119e+00 6.289019e-02 9.118056e-02
4.353152e-01 2.420515e-01 1.000000e-05 5.989970e+00 2.098757e-01 1.933555e-02
3.423439e-01 4.320796e-02 3.272958e-02 5.917653e+00 2.726003e-01 8.516078e-02
3.203470e-01 3.947869e-02 8.261162e-03 5.892443e+00 1.047791e-01 6.132426e-02
3.368638e-01 1.000000e-05 1.749111e-02 5.894243e+00 2.001102e-01 9.491675e-02
3.308672e-01 7.504102e-03 5.964968e-03 5.900576e+00 1.145345e-01 1.913588e-01
3.106580e-01 6.198316e-03 4.510964e-02 5.805686e+00 1.158866e-02 1.868960e-01
3.071057e-01 1.176955e-01 3.132216e-02 5.839459e+00 2.253581e-01 9.507124e-02
3.089438e-01 4.870487e-02 2.550405e-02 5.834165e+00 9.770685e-02 2.226677e-01
3.023082e-01 3.760861e-02 5.103221e-01 5.628207e+00 2.673290e-03 2.109891e-01
1.157974e+00 7.244040e-02 2.179188e-01 3.664795e+00 9.494792e-01 2.559794e+00
1.000000e+00 9.092290e-01 9.151099e-01 8.816625e-01 1.030265e+00 9.664571e-01
2.154858e-01 3.745574e-02 5.430036e-03 6.423916e+00 4.364305e-02 2.243162e-01
5.103350e-01 1.023094e+00 2.551070e-02 6.033407e+00 1.745833e-02 1.247087e+00
4.763299e-01 8.704138e-01 4.798670e-03 6.074029e+00 2.687809e-03 7.116073e-01
4.526595e-01 6.391607e-01 3.353190e-02 6.066989e+00 3.207720e-02 8.736014e-01
4.561655e-01 2.586329e-01 2.218701e-03 5.956352e+00 8.673889e-03 9.530615e-01
3.705661e-01 3.124450e-01 6.474536e-03 6.032962e+00 2.774531e-01 5.890504e-01
3.392730e-01 1.738954e-01 1.594501e-02 5.919821e+00 1.744977e-01 9.983502e-01
3.704537e-01 3.393163e-02 4.319516e-03 5.955071e+00 1.697745e-01 8.346084e-01
3.603303e-01 6.434463e-02 2.777429e-02 5.982437e+00 8.324727e-02 8.279500e-01
3.171917e-01 5.275606e-04 8.527565e-03 5.921363e+00 4.657145e-02 8.665645e-01
3.587268e-01 2.074469e-02 3.589832e-02 5.842672e+00 3.456970e-02 9.546562e-01
3.065251e-01 2.283023e-02 7.465605e-03 5.900479e+00 7.640895e-02 8.476199e-01
3.219924e-01 2.146227e-02 1.971952e-02 5.804284e+00 1.008716e-01 9.610023e-01
2.607556e-01 3.745139e-05 3.234017e-02 5.709648e+00 2.441117e-03 1.117246e+00
1.097236e+00 1.937599e-01 1.327772e+00 4.347039e+00 1.094949e+00 2.302199e+00
1.000000e+00 1.051916e+00 9.181700e-01 1.069793e+00 9.724994e-01 1.043756e+00
2.181859e-01 2.011489e-03 5.842948e-01 7.097776e+00 4.042668e-03 1.304340e-04
5.140104e-01 8.289969e-01 2.941485e+00 6.243034e+00 9.389683e-02 1.396183e-01
3.769443e-01 3.727346e-01 2.773609e+00 6.468891e+00 1.457981e-02 7.070202e-03
3.365704e-01 9.172718e-03 1.580488e+00 6.722380e+00 3.706195e-03 4.423414e-03
3.098961e-01 5.401420e-02 1.969928e+00 6.412223e+00 4.519428e-02 6.167274e-02
2.698073e-01 1.787336e-01 1.764380e+00 6.580900e+00 5.878669e-02 1.024106e-01
2.713022e-01 7.717869e-02 1.747974e+00 6.318590e+00 3.115355e-01 2.870520e-01
2.609346e-01 1.146387e-01 1.742225e+00 6.304506e+00 2.091188e-01 2.736589e-01
2.454676e-01 4.269078e-03 1.438731e+00 6.272301e+00 5.614447e-02 5.599892e-01
2.697335e-01 6.145164e-03 1.418939e+00 6.202714e+00 1.240270e-01 6.083368e-01
2.393057e-01 1.494336e-02 1.312422e+00 6.205661e+00 4.402220e-02 5.927269e-01
2.684866e-01 2.103870e-02 1.473326e+00 6.105307e+00 6.112554e-02 6.441950e-01
2.244879e-01 1.936804e-04 1.309703e+00 6.115846e+00 7.781385e-02 8.156346e-01
2.423460e-01 3.588259e-03 9.689424e-01 6.076866e+00 1.019877e-02 1.191919e+00
