1.265802e+01 4.246755e-03 3.426741e-03 7.462737e+00 1.259957e-03 3.995284e-03
1.000000e+00 9.764944e-01 9.404587e-01 9.142551e-01 9.139048e-01 1.024041e+00
6.195235e-02 2.719329e-03 8.241885e-03 4.359504e+00 2.140486e-02 1.339230e-02
3.172736e-01 3.027499e-02 3.887123e-01 3.742678e+00 2.419034e-04 3.770397e+00
3.165975e-01 6.537020e-01 2.838945e-03 3.730996e+00 1.000000e-05 2.343648e+00
2.866234e-01 1.279678e+00 1.000000e-05 4.010579e+00 3.246031e-05 1.000000e-05
2.786879e-01 1.758684e+00 2.802541e-01 3.689466e+00 2.429338e-02 7.268302e-03
2.659954e-01 1.253843e+00 4.388007e-03 3.893322e+00 3.386182e-01 1.000000e-05
1.924368e-01 6.749410e-01 4.439991e-01 3.721548e+00 8.862116e-01 3.088325e-04
1.973122e-01 6.118400e-01 9.389740e-01 3.537022e+00 9.839938e-01 1.000000e-05
1.670385e-01 1.038611e-02 7.511272e-01 3.769685e+00 8.226019e-01 1.660225e-02
1.374811e-01 1.600247e-02 9.240392e-01 3.881631e+00 5.059976e-01 1.594043e-02
1.873141e-01 9.139152e-04 2.013154e+00 3.623209e+00 2.764357e-01 1.174151e-02
1.363181e-01 1.637912e-02 2.037439e+00 3.642852e+00 3.210737e-01 3.638344e-02
1.149295e-01 1.024857e-02 2.342305e+00 3.635745e+00 1.739724e-01 2.017110e-03
1.186023e-01 2.069217e-02 2.801405e+00 3.501613e+00 2.572243e-04 8.096682e-02
3.425517e+00 2.329708e+00 3.942940e+00 3.235580e+00 1.248094e+00 1.681987e+00
1.000000e+00 1.122595e+00 8.788950e-01 1.176080e+00 1.015701e+00 1.153882e+00
1.504687e-01 1.018966e-03 1.000000e-05 5.330455e+00 3.643826e-03 1.025589e-04
5.002232e-01 1.710867e+00 2.935317e-02 4.665183e+00 9.558828e-03 1.353968e+00
3.883638e-01 3.158970e+00 6.717449e-03 4.714379e+00 1.235997e-02 2.415072e-03
3.389280e-01 1.482736e+00 1.564295e-02 4.934678e+00 1.221985e-02 1.199976e-02
3.086936e-01 1.250324e+00 7.344010e-04 4.725237e+00 1.771443e-01 1.524058e-01
3.034252e-01 4.699601e-01 3.850169e-05 4.912398e+00 2.546255e-01 1.000000e-05
2.986466e-01 8.864780e-03 6.508209e-03 4.890191e+00 6.923984e-01 1.826195e-01
2.084126e-01 3.324264e-02 6.724163e-03 4.955417e+00 5.852733e-01 1.934420e-01
1.973554e-01 1.298842e-02 8.528055e-03 4.906367e+00 3.752517e-01 5.212458e-01
2.381800e-01 1.377033e-02 1.828805e-02 4.870900e+00 3.125469e-01 6.430701e-01
2.076287e-01 1.236922e-02 1.653146e+00 4.830489e+00 6.630779e-02 2.330906e-01
1.636088e-01 1.150807e-02 2.367875e-03 4.834056e+00 1.270146e-01 8.033950e-01
2.158251e-01 2.644423e-02 1.986394e-02 4.866462e+00 7.777308e-02 9.859416e-01
1.715096e-01 7.978931e-03 4.107255e-03 4.680829e+00 8.851466e-03 1.507430e+00
4.711451e+00 1.839135e+00 1.815480e+00 3.059043e+00 2.888555e-01 1.050014e+00
1.000000e+00 9.420464e-01 1.100961e+00 1.137675e+00 9.485742e-01 1.040593e+00
1.617672e-01 2.040662e-03 6.590145e-03 4.711262e+00 5.620990e-03 1.794184e-02
3.987108e-01 2.619376e+00 7.446363e-03 4.218342e+00 7.374413e-03 6.919075e-01
3.570252e-01 3.321803e+00 1.000000e-05 4.031830e+00 1.000000e-05 7.640555e-02
3.665818e-01 9.502684e-01 4.050121e-03 4.418420e+00 6.315631e-03 4.121599e-03
3.763031e-01 7.027997e-01 1.101751e-01 3.929562e+00 1.062355e-02 1.061758e+00
3.748829e-01 1.512765e-01 8.092418e-03 4.236039e+00 9.841345e-02 4.215971e-01
2.685940e-01 1.657190e-02 2.041886e-03 4.190473e+00 5.077215e-01 3.583884e-01
2.594027e-01 8.370651e-03 6.835106e-03 4.182129e+00 6.741141e-01 1.708368e-01
2.340068e-01 2.146505e-02 3.195850e-02 4.154298e+00 5.426811e-01 3.931943e-01
2.359606e-01 9.057235e-03 6.872785e-03 4.090354e+00 3.476371e-01 5.348946e-01
2.129899e-01 1.571140e-03 3.590674e-03 4.032046e+00 2.868441e-01 7.293714e-01
1.936540e-01 4.695434e-02 4.927205e-02 4.144106e+00 2.175164e-01 7.473318e-01
2.018515e-01 4.113299e-03 1.384487e-02 4.033241e+00 9.261793e-02 7.859055e-01
1.532359e-01 1.217082e-03 5.334809e-01 3.896107e+00 6.564167e-03 1.043871e+00
5.137972e+00 2.717833e+00 1.867699e+00 3.976280e+00 1.224659e+00 2.559495e-01
1.000000e+00 9.478869e-01 9.804312e-01 1.181361e+00 1.084844e+00 8.418579e-01
7.412370e-02 1.387762e-03 5.992136e-01 4.874437e+00 3.116444e-03 3.027107e-03
3.724569e-01 1.321654e+00 2.358302e+00 4.053089e+00 5.106806e-03 6.633330e-04
2.866259e-01 1.958563e+00 2.058565e+00 3.931361e+00 3.833854e-03 1.291338e-02
3.100530e-01 7.356207e-01 1.531254e-02 4.634030e+00 1.000000e-05 8.682209e-03
2.735132e-01 1.752455e+00 3.320925e-01 4.105944e+00 6.522677e-03 1.548004e-02
2.574301e-01 9.481013e-01 1.119196e-01 4.297169e+00 1.917597e-02 2.654049e-01
2.373193e-01 8.488462e-01 1.523391e-01 4.035126e+00 4.188382e-01 3.445966e-01
2.041227e-01 2.718467e-01 2.790935e-01 4.095206e+00 5.389315e-01 5.241007e-01
1.787148e-01 3.835005e-03 1.088830e-01 4.022936e+00 2.598622e-01 9.134728e-01
1.650629e-01 4.231786e-03 1.261639e-01 3.941910e+00 3.532253e-01 1.116014e+00
1.550303e-01 4.459352e-03 4.423541e-02 3.935155e+00 2.946934e-01 1.281914e+00
1.575040e-01 8.408242e-03 4.108696e-02 3.902102e+00 1.875153e-01 1.366867e+00
1.490456e-01 3.504890e-03 8.871659e-02 3.895925e+00 2.259186e-01 1.548448e+00
9.642139e-02 2.849554e-03 1.405321e-02 3.765950e+00 5.321184e-03 1.927957e+00
