1.000000e+00 9.175966e-01 9.838442e-01 9.305353e-01 9.852083e-01 1.184546e+00
1.000000e+00 1.016705e+00 9.838204e-01 1.007256e+00 1.113252e+00 9.761079e-01
4.199262e-01 6.693285e-03 3.886717e+00 3.552566e+00 5.208114e-04 6.077449e-03
1.886987e-01 1.296263e-02 7.632318e-01 3.612005e+00 1.152143e-02 1.079585e-02
2.412663e-01 4.173022e-03 1.342887e+00 3.068225e+00 3.004167e-03 8.803867e-03
2.420245e-01 1.000000e-05 8.091828e-03 3.371982e+00 6.220437e-03 2.296001e-03
2.249557e-01 1.281590e-02 1.000000e-05 2.818236e+00 1.000000e-05 1.999279e+00
3.194120e-01 1.000000e-05 1.000000e-05 2.584146e+00 1.487242e-03 2.653985e+00
2.838018e-01 3.782085e+00 7.962426e-04 2.294197e+00 5.957739e-04 7.724502e-02
1.987893e-01 5.104734e+00 3.084472e-03 2.108268e+00 1.000000e-05 2.077606e-03
2.036051e-01 3.641239e+00 5.291564e-03 2.079426e+00 1.503843e+00 2.165646e-02
1.942586e-01 1.208339e+00 6.064638e-03 2.033388e+00 5.179090e+00 3.605874e-03
1.955178e-01 2.015721e+00 1.488889e-02 1.879133e+00 5.731800e+00 1.237456e-02
1.950926e-01 8.063379e-03 1.839916e-02 1.826074e+00 7.297703e+00 9.496366e-03
1.198592e-01 1.824693e-01 2.578975e-03 1.830663e+00 7.778550e+00 3.074082e-03
1.016994e-01 6.756437e-05 2.557333e-03 1.603861e+00 7.639212e+00 1.927056e-03
1.000000e+00 1.198450e+00 9.103875e-01 8.382541e-01 1.016002e+00 9.542727e-01
1.000000e+00 1.170039e+00 1.059652e+00 1.114262e+00 9.623669e-01 9.100423e-01
2.994111e-01 8.183302e-03 1.337596e-04 1.684432e+00 6.860935e-03 2.248472e+00
3.469973e-01 1.686443e-03 7.410600e-04 1.754715e+00 1.970203e-03 3.817124e-03
3.698317e-01 9.277191e-03 1.312159e+00 1.398085e+00 1.884183e-02 7.672017e-03
4.308849e-01 1.539489e+00 5.910982e-03 1.368123e+00 1.267792e-03 1.310416e-02
4.061532e-01 1.797469e+00 6.871936e-05 1.226276e+00 1.000000e-05 1.000000e-05
3.960705e-01 2.209321e+00 1.067172e-02 1.120640e+00 7.458724e-03 1.619498e-02
3.965181e-01 2.081276e+00 7.901859e-03 1.070869e+00 1.139208e-01 4.673605e-03
3.671034e-01 1.512044e+00 1.434623e-02 1.004000e+00 1.250037e+00 1.432216e-02
3.164128e-01 1.168435e+00 3.325607e-02 9.419891e-01 2.164426e+00 3.569791e-02
3.296013e-01 4.401674e-01 1.126018e-04 8.954924e-01 3.165501e+00 5.077147e-04
3.317639e-01 2.744992e-01 1.868368e-02 8.562115e-01 3.642664e+00 1.044584e-02
2.579876e-01 4.249151e-02 1.073176e-02 8.482051e-01 3.687414e+00 8.963884e-03
2.740192e-01 2.589632e-03 5.925877e-03 8.289063e-01 3.849672e+00 9.089965e-03
1.392822e-01 7.623344e-02 2.860827e-02 7.148475e-01 4.992794e+00 3.526179e-03
1.000000e+00 1.021926e+00 1.058820e+00 1.160900e+00 1.029761e+00 1.138476e+00
1.000000e+00 1.164194e+00 9.380762e-01 9.842768e-01 8.918598e-01 1.003495e+00
3.131289e-01 5.906944e-03 1.281724e-03 1.647734e+00 5.949505e-03 2.588638e+00
3.873248e-01 2.791831e-03 5.079525e-03 1.988905e+00 1.033009e-02 6.485696e-03
4.128234e-01 3.849772e-03 7.744133e-03 1.759439e+00 2.409069e-01 7.796454e-03
4.976551e-01 1.999310e+00 2.831881e-03 1.574643e+00 3.681161e-04 2.872757e-01
4.546081e-01 2.003119e+00 1.043629e-02 1.487673e+00 1.400977e-02 4.566368e-02
4.984289e-01 2.021585e+00 3.565001e-03 1.348782e+00 7.258760e-03 6.222307e-02
4.338346e-01 2.429193e+00 4.477124e-02 1.284644e+00 7.983600e-03 5.204894e-02
4.794680e-01 1.774026e+00 2.940046e-02 1.213078e+00 3.478928e-01 2.680660e-02
4.058314e-01 1.399558e+00 1.971900e-02 1.141314e+00 1.799639e+00 1.556953e-02
3.921480e-01 7.860017e-01 5.190216e-03 1.072291e+00 2.202071e+00 5.370041e-03
3.136798e-01 1.125152e-01 1.660767e-02 1.086079e+00 3.240256e+00 7.926923e-03
2.878536e-01 8.151891e-02 1.593582e-02 1.051981e+00 3.309805e+00 8.355421e-02
2.812561e-01 2.308335e-02 2.601401e-02 1.009618e+00 3.992468e+00 1.463277e-02
1.756088e-01 1.632068e-02 2.376775e-02 8.623290e-01 5.271375e+00 1.574597e-02
1.000000e+00 8.906893e-01 1.133909e+00 8.975714e-01 8.481270e-01 1.137766e+00
1.000000e+00 1.163976e+00 8.344433e-01 1.060969e+00 9.970693e-01 1.164521e+00
5.089358e-01 5.750311e-03 6.013083e-01 1.148300e+00 6.682508e-03 1.576939e+00
6.116309e-01 8.697429e-03 5.706434e-01 1.466189e+00 4.500730e-03 2.121828e-02
9.434814e-01 7.029999e-03 4.019064e-01 1.310771e+00 7.272061e-03 3.401827e-01
5.899299e-01 5.604457e-01 9.490358e-01 1.200282e+00 1.000000e-05 6.710489e-03
8.564759e-01 3.016183e-01 9.770926e-01 1.129173e+00 1.000000e-05 1.000000e-05
9.021918e-01 7.482290e-01 8.788371e-01 1.084893e+00 2.041938e-02 3.680027e-02
9.412667e-01 1.276349e+00 5.264717e-01 1.049794e+00 2.034870e-02 3.952573e-02
8.984656e-01 1.347181e+00 4.175943e-01 9.921875e-01 2.070287e-01 1.160888e-02
8.700147e-01 1.269641e+00 2.258597e-01 9.840374e-01 6.419551e-01 1.571833e-02
9.194245e-01 1.166259e+00 1.135617e-01 1.028639e+00 1.041693e+00 1.529298e-02
8.997802e-01 7.090931e-01 7.987395e-03 9.938391e-01 1.848885e+00 9.778850e-03
7.663968e-01 2.137077e-01 2.098274e-02 9.722925e-01 2.403129e+00 2.109789e-02
7.550872e-01 4.078789e-02 2.488215e-02 9.416494e-01 2.671070e+00 6.371690e-03
5.976309e-01 1.275155e-03 3.758104e-03 8.379017e-01 4.036077e+00 5.536614e-05
