1.000000e+00 9.678965e-01 8.797168e-01 1.153506e+00 1.024136e+00 1.089590e+00
6.229064e-03 5.194341e-02 1.156979e-01 9.956845e-03 1.358192e-02 8.615384e-02
8.682529e-03 1.019873e-03 1.815678e-02 9.092618e-02 9.713272e-03 1.308042e-02
1.290820e-02 3.231584e-02 2.586462e-02 1.036921e-01 9.745985e-04 1.365795e-03
6.297127e-03 9.584198e-03 1.868139e-02 1.023333e-01 1.196208e-02 7.183551e-03
1.064121e-02 1.424084e-02 1.273270e-02 1.081979e-01 7.631286e-03 2.111312e-03
8.445173e-03 9.157456e-03 1.860716e-02 1.284890e-01 5.329005e-04 4.922920e-03
7.082345e-03 2.107348e-05 2.440365e-02 8.934873e-02 1.076144e-02 1.391734e-02
7.208371e-03 1.571693e-02 1.915088e-02 1.145582e-01 9.002529e-03 1.807763e-02
8.811868e-03 5.167236e-03 5.753663e-02 9.503806e-02 1.940844e-02 1.067666e-02
5.312532e-03 3.257495e-02 9.445481e-03 1.044532e-01 5.216408e-02 2.269133e-02
1.519164e-02 1.257486e-02 7.866543e-03 9.895972e-02 1.000000e-05 1.882372e-02
1.149754e-02 3.201129e-03 8.307783e-05 1.093585e-01 1.504011e-02 7.380944e-03
2.674009e-02 3.537066e-02 3.037633e-02 1.222287e-01 1.508276e-02 2.356036e-02
7.333385e-03 3.121074e-02 1.420936e-02 1.147393e-01 1.352959e-02 1.360049e-02
1.000000e-05 2.299646e-02 1.238717e-02 1.136899e-01 7.168543e-03 3.133138e-02
1.014968e-02 2.063793e-02 3.479907e-02 8.992544e-02 1.386865e-02 8.682483e-03
6.284953e-03 1.346916e-02 8.135080e-03 1.106942e-01 2.950725e-03 1.000000e-05
1.553011e-02 7.700276e-02 6.256910e-03 1.052671e-01 2.455115e-02 1.442601e-03
1.029705e-02 1.722343e-02 3.379720e-02 1.144186e-01 1.035688e-02 3.222407e-02
2.005486e-03 3.265662e-03 1.225324e-02 1.154322e-01 1.448798e-02 5.831778e-03
1.315377e-02 2.475289e-02 3.507570e-03 1.284550e-01 3.809335e-03 1.206129e-02
9.497822e-03 8.115732e-03 1.651819e-02 9.563053e-02 8.815599e-03 2.050684e-02
8.876362e-03 5.957701e-03 2.955971e-02 1.189795e-01 3.283015e-03 2.181380e-02
4.730488e-03 1.709311e-02 2.755007e-02 1.162253e-01 2.222793e-02 2.559853e-02
1.458937e-02 1.903913e-02 6.299174e-03 1.169714e-01 1.358980e-02 1.261066e-02
1.831740e-02 5.634912e-03 3.788548e-03 1.163758e-01 8.111810e-03 2.073101e-02
2.036479e-02 1.330707e-02 7.073902e-03 1.281652e-01 1.018267e-02 1.334336e-02
1.714572e-02 1.260047e-02 1.070460e-02 1.167027e-01 1.945578e-02 2.215799e-02
8.081518e-03 2.143923e-02 7.580690e-03 9.576760e-02 1.379137e-02 2.213425e-02
1.918619e-02 1.230046e-03 1.477217e-03 1.076914e-01 7.951526e-03 5.987549e-04
2.313450e-02 8.294055e-03 1.437693e-02 1.304245e-01 1.482652e-02 6.248686e-03
1.304267e-02 1.739428e-02 1.720392e-02 1.206297e-01 8.791872e-03 2.204325e-02
2.330816e-02 1.880472e-02 2.764569e-02 1.051967e-01 2.013481e-04 3.211885e-02
1.053838e-02 4.417649e-03 4.194253e-03 1.226085e-01 7.008287e-03 6.699447e-03
1.201440e-02 6.734264e-03 9.532899e-03 1.187783e-01 1.178314e-02 3.070864e-02
2.283908e-02 6.527041e-03 1.893307e-02 1.232135e-01 1.857593e-02 1.255898e-02
8.120723e-03 1.350351e-02 3.524021e-02 9.208308e-02 9.799822e-03 2.617031e-02
8.178389e-03 7.600438e-03 1.672027e-02 1.206190e-01 1.067784e-02 1.546919e-02
2.479974e-02 3.319442e-03 3.925376e-03 1.253588e-01 2.101074e-02 1.669801e-02
2.345352e-02 2.520750e-02 3.271858e-02 1.118819e-01 6.529570e-03 3.324599e-03
1.980892e-02 1.425334e-02 1.236745e-02 1.224694e-01 2.365464e-02 2.254534e-02
7.674406e-03 1.452635e-02 2.716135e-02 1.182627e-01 1.033663e-02 1.070262e-02
9.707526e-03 1.000000e-05 1.000000e-05 1.146263e-01 6.917455e-03 5.646369e-03
1.301128e-02 1.784554e-03 1.449751e-02 1.211823e-01 5.673199e-03 6.217290e-03
1.957504e-02 3.310229e-03 5.223991e-03 1.139118e-01 9.323510e-03 1.381698e-02
6.334209e-03 1.061814e-02 1.806360e-02 1.025303e-01 4.432966e-03 1.451311e-02
2.661491e-03 2.300688e-03 7.464515e-03 1.105163e-01 4.225345e-03 1.421038e-02
2.926413e-02 1.226394e-02 1.401114e-02 1.174166e-01 1.215241e-02 1.349067e-02
2.104347e-02 1.851034e-02 1.868106e-02 1.148129e-01 6.799056e-03 1.197431e-02
6.385448e-03 1.343717e-02 1.514253e-02 1.284550e-01 1.405557e-02 3.124619e-02
1.709612e-02 9.402911e-03 3.023481e-02 1.187232e-01 1.030405e-02 3.041246e-02
1.189010e-02 1.386932e-02 3.215248e-02 1.263450e-01 2.006903e-02 9.759766e-03
2.128896e-02 4.928837e-03 8.665666e-03 1.172119e-01 7.467581e-03 1.631857e-02
1.502416e-02 3.257403e-03 8.659490e-03 1.156212e-01 4.320536e-03 2.298015e-02
1.920347e-02 1.038689e-03 2.852579e-02 1.197851e-01 1.100224e-02 1.823998e-02
1.000000e+00 1.025609e+00 1.041116e+00 9.247159e-01 1.061997e+00 7.986635e-01
1.000000e+00 8.271355e-01 1.093786e+00 9.316665e-01 9.204098e-01 1.067576e+00
1.000000e+00 9.588892e-01 1.251305e+00 1.169040e+00 1.064220e+00 1.000139e+00
1.000000e+00 9.663601e-01 1.044793e+00 1.015143e+00 9.891038e-01 1.117304e+00
1.000000e+00 9.422744e-01 8.435242e-01 1.058068e+00 1.054453e+00 8.334562e-01
1.000000e+00 1.071298e+00 9.241050e-01 1.139987e+00 8.393822e-01 8.733940e-01
1.000000e+00 9.436581e-01 9.860322e-01 1.067221e+00 1.031008e+00 1.030423e+00
1.000000e+00 9.217973e-01 1.170057e+00 1.035158e+00 1.161195e+00 1.003564e+00
