0.509730 0.260300 -0.036129 0.242074 0.317334 0.293644 
0.455947 -0.028630 0.054904 0.330568 0.314960 -0.355529 
0.490882 -0.192887 -0.029511 0.210944 0.456979 -0.371113 
0.578110 0.069668 0.343266 -0.511276 -0.237968 -0.092146 
0.653006 -0.072157 0.401686 -0.214978 0.017218 -0.222251 
0.642103 -0.016619 0.451962 -0.312027 -0.101958 -0.005958 
0.623201 0.002393 0.368515 -0.516815 -0.188272 0.016337 
0.633609 -0.165384 0.431138 -0.510069 -0.120954 0.304511 
0.713728 -0.058891 0.518892 -0.350445 -0.157745 0.164635 
-0.248497 -0.447268 0.203389 -0.138510 -0.098393 -0.523298 
0.019491 -0.092898 -0.097955 0.207258 0.211982 -0.075058 
0.341791 0.241473 0.104746 0.131695 -0.076516 0.000454 
0.127231 -0.182219 0.083188 -0.022010 0.113739 -0.088293 
0.122486 -0.243258 0.134056 0.033447 0.208261 0.162404 
0.126760 -0.283184 0.055864 -0.073805 0.109342 -0.112134 
0.132579 -0.063776 0.157970 0.010455 0.212781 0.080886 
0.071636 -0.156306 0.063203 -0.024654 0.170370 -0.054889 
0.075570 -0.287371 0.041449 -0.031555 0.277021 0.044344 
0.064138 -0.253906 0.026824 0.016282 0.157228 -0.121632 
0.060991 -0.155635 0.108968 0.090688 0.231994 0.026572 
0.124592 -0.600264 0.250844 -0.101800 0.399644 -0.442195 
-0.079166 0.095176 0.098057 0.111228 0.082855 0.047727 
-0.154922 0.230532 0.228942 0.178602 0.156821 0.086517 
-0.225719 0.259963 0.253744 0.127812 0.085078 -0.105797 
0.192045 -0.074840 -0.126528 -0.222210 -0.365217 -0.114146 
0.486612 0.196506 -0.133098 0.468604 0.389425 -0.053840 
0.563867 0.252893 -0.171528 0.465374 0.382464 -0.206117 
-0.100547 0.330947 -0.011886 0.236502 0.258655 -0.149967 
0.044256 -0.050862 -0.051177 -0.001805 0.130877 0.018674 
0.020863 -0.053081 -0.044219 0.019146 0.086267 0.058187 
0.041261 -0.013071 -0.073164 -0.037286 0.106439 0.059550 
0.066003 0.005502 -0.070813 -0.062506 0.073342 0.015558 
0.108209 -0.027843 0.007536 -0.171803 -0.003029 -0.064734 
0.149690 -0.047397 -0.012094 -0.335652 0.007299 -0.151777 
0.130487 -0.007399 -0.029248 -0.139381 -0.008484 -0.011330 
0.132931 -0.088481 -0.041761 -0.103199 0.144032 0.069196 
0.207464 -0.091193 0.134714 -0.111945 0.189047 0.236447 
0.238331 -0.244636 0.069957 0.081474 0.192507 0.005324 
0.200073 -0.239395 0.166939 -0.085785 0.033411 -0.166449 
0.330194 -0.040722 0.239897 -0.346272 -0.009749 0.012257 
0.073590 -0.050222 -0.058431 0.123864 0.082424 -0.021105 
0.093608 -0.041090 -0.083776 0.035693 0.157322 0.093771 
0.073922 -0.070579 -0.057037 0.010204 0.081596 -0.053894 
0.103359 -0.062859 -0.054140 -0.032196 0.090065 0.037507 
0.055182 -0.095723 -0.021474 0.049378 0.083114 -0.043311 
0.063954 -0.067766 0.037105 0.063643 0.073191 -0.108137 
0.051871 -0.183197 0.014636 0.021942 0.085869 -0.037776 
0.083947 -0.025648 -0.062083 -0.002837 0.194086 -0.084610 
0.067865 -0.072227 0.073884 -0.248768 -0.080975 -0.015588 
0.052022 -0.026162 -0.020963 -0.046408 0.066949 0.014347 
0.063853 -0.044621 0.028075 -0.152263 -0.029886 0.002430 
0.054187 -0.017730 0.009656 -0.116096 0.028926 0.051255 
-0.013408 0.045150 0.007270 0.021927 0.082032 -0.063009 
0.035291 0.046744 -0.280786 0.303739 0.096372 -0.006247 
0.029029 0.057961 -0.266929 0.334737 0.048268 0.041347 
-0.012399 0.006510 -0.000121 0.043083 0.038998 0.008980 
0.000621 -0.015424 -0.027835 0.051260 0.011228 0.102759 
0.001334 0.038735 -0.040803 0.070771 -0.103293 0.124536 
0.276811 0.269802 -0.254739 0.003293 0.118578 -0.493714 
0.174948 0.164973 0.110659 -0.474578 -0.474056 -0.436267 
0.056023 -0.003825 -0.040911 -0.104184 0.034075 0.044138 
0.013257 -0.001212 -0.006637 -0.006214 0.006112 -0.015839 
0.271531 -0.478757 0.534770 0.469335 -0.582463 0.595611 
